Lag Time (s)
0.0000002
0.0000004
0.0000006
0.0000008
0.000001
0.0000012
0.0000014
0.0000016
0.0000018
0.000002
0.0000022
0.0000024
0.0000026
0.0000028
0.000003
0.0000032
0.0000036
0.000004
0.0000044
0.0000048
0.0000052
0.0000056
0.000006
0.0000064
0.0000072
0.000008
0.0000088
0.0000096
0.0000104
0.0000112
0.000012
0.0000128
0.0000144
0.000016
0.0000176
0.0000192
0.0000208
0.0000224
0.000024
0.0000256
0.0000288
0.000032
0.0000352
0.0000384
0.0000416
0.0000448
0.000048
0.0000512
0.0000576
0.000064
0.0000704
0.0000768
0.0000832
0.0000896
0.000096
0.0001024
0.0001152
0.000128
0.0001408
0.0001536
0.0001664
0.0001792
0.000192
0.0002048
0.0002304
0.000256
0.0002816
0.0003072
0.0003328
0.0003584
0.000384
0.0004096
0.0004608
0.000512
0.0005632
0.0006144
0.0006656
0.0007168
0.000768
0.0008192
0.0009216
0.001024
0.0011264
0.0012288
0.0013312
0.0014336
0.001536
0.0016384
0.0018432
0.002048
0.0022528
0.0024576
0.0026624
0.0028672
0.003072
0.0032768
0.0036864
0.004096
0.0045056
0.0049152
0.0053248
0.0057344
0.006144
0.0065536
0.0073728
0.008192
0.0090112
0.0098304
0.0106496
0.0114688
0.012288
0.0131072
0.0147456
0.016384
0.0180224
0.0196608
0.0212992
0.0229376
0.024576
0.0262144
0.0294912
0.032768
0.0360448
0.0393216
0.0425984
0.0458752
0.049152
0.0524288
0.0589824
0.065536
0.0720896
0.0786432
0.0851968
0.0917504
0.098304
0.1048576
0.1179648
0.131072
0.1441792
0.1572864
0.1703936
0.1835008
0.196608
0.2097152
0.2359296
0.262144
0.2883584
0.3145728
0.3407872
0.3670016
0.393216
0.4194304
0.4718592
0.524288
0.5767168
0.6291456
0.6815744
0.7340032
0.786432
0.8388608
